python supervised_cifar10.py --batch_size 512 --mode train --train_dir /egr/research-dselab/renjie3/renjie/improved-diffusion/datasets/cifar10_train_uint8.npy --test_dir /egr/research-dselab/renjie3/renjie/improved-diffusion/datasets/cifar10_test_uint8.npy --use_numpy_file --self_watermark --denominator 100 --no_save
__name__ __main__
==> Preparing data..
5c5c/
0.14899313
0.143794
0.1404616
0.08172627
0.085094705
5c10c/car_
0.6753929
0.6671714
0.65978205
0.65173054
0.6304353
5c15c_new/car_
0.74597925
0.7180626
0.7018876
0.7386168
0.6722775
5c20c_new/car_
0.80771005
0.8021779
0.79193056
0.7849515
0.7671283
5c25c_new/car_
0.82729495
0.8151352
0.8105543
0.8109315
0.7882858
5c30c/car_
0.85337687
0.8400358
0.8265356
0.83817035
0.7969845
5c35c_new/car_
0.88155854
0.87242615
0.86391944
0.8626337
0.84088576
5c40c_new/car_
0.88367593
0.8670474
0.85657036
0.87547743
0.83901614
5c45c_new/car_
0.8767721
0.86773217
0.86043453
0.8670743
0.8470308
5c50c/car_
0.8931823
0.8801832
0.87172973
0.8834963
0.85597134
5c55c_new/car_
0.89057636
0.8794177
0.8746258
0.8811256
0.8615467
5c60c_new/car_
0.884729
0.8840353
0.8771845
0.87108773
0.8577544
5c65c_new/car_
0.8988331
0.89118415
0.8872611
0.89222276
0.87814
5c70c/car_
0.9196283
0.9133617
0.90928346
0.9083875
0.8938483
0.14899313	0.6753929	0.74597925	0.80771005	0.82729495	0.85337687	0.88155854	0.88367593	0.8767721	0.8931823	0.89057636	0.884729	0.8988331	0.9196283
0.143794	0.6671714	0.7180626	0.8021779	0.8151352	0.8400358	0.87242615	0.8670474	0.86773217	0.8801832	0.8794177	0.8840353	0.89118415	0.9133617
0.1404616	0.65978205	0.7018876	0.79193056	0.8105543	0.8265356	0.86391944	0.85657036	0.86043453	0.87172973	0.8746258	0.8771845	0.8872611	0.90928346
0.08172627	0.65173054	0.7386168	0.7849515	0.8109315	0.83817035	0.8626337	0.87547743	0.8670743	0.8834963	0.8811256	0.87108773	0.89222276	0.9083875
0.085094705	0.6304353	0.6722775	0.7671283	0.7882858	0.7969845	0.84088576	0.83901614	0.8470308	0.85597134	0.8615467	0.8577544	0.87814	0.8938483
